# Version:            COMSOL 5.3.1.275
# Table:              Probe Table 4 - 
# Time (h)               <T> Ice Region (K)	 Icy Patch<CosZ>, CosZ    <T>_floor (K), Floor     COSZ_floor
0			190.74616937481832	0.35412856981169455	192.22565685800134	0.7282507985931682
1.0765566017955581	185.47239966080238	0.2454537365874344	195.0194606180442	0.5763414034284835
2.1531132035911162	176.33195476691563	0.0431633892059489	186.12718776639554	0.13242083805377972
4.090915086823121	162.5683535048624	0			169.53174143307982	0
6.028716970055125	152.18842217146235	0.0023246491807453447	157.26194848573792	0
7.234367759304318	151.62740466783092	0.161765288203165	156.59099432006713	0.18289539590824125
8.44001854855351	156.7009868208446	0.3388088808205704	169.82366093457372	0.6401011282215895
9.645669337802703	160.37252068878172	0.31582087092985195	181.71388028888333	0.6934795158795701
10.851320127051897	157.2380152955066	0.10885743146157846	180.12242973786147	0.3079393043484789
12.05697091630109	151.12862238379938	0			169.86483127319096	0
13.262621705550284	145.7759396522837	0			161.37788813793853	0
15.67392328404867	139.9410477193157	0.04394474403944478	149.19456863481443	0
16.912739576621767	144.72782185157143	0.27078564411949907	158.23152926705183	0.4483266105778058
18.15155586919487	151.61708397469846	0.354040796695234	173.99964385788905	0.7283734863057622
19.390372161767967	153.21424334259808	0.21626173446586616	180.3127955226327	0.5223989480633844
20.629188454341065	147.97627226757737	0.00879905455450865	170.55867288090428	0.018737628781319564
21.86800474691416	142.98099982193722	0			161.77595760396736	0
24.34563733206036	135.55709152977803	0.008657150315453768	149.16426501663184	0
25.588134428900876	138.66899565980103	0.20240679817798798	152.83637361263752	0.27878788261720155
26.830631525741392	146.3753578493988	0.3519021109098764	168.62440074131774	0.6890450238718469
28.073128622581912	150.81217848649806	0.2806177111628468	179.49358822278123	0.6379281403157168
29.315625719422428	147.32829529677886	0.05202162988537724	174.11273541425658	0.16099718154799494
30.43387310657889	142.88730131240882	0			165.475541158102	0
31.552120493735355	138.88256186614558	0			158.21277450320122	0
33.78861526804829	134.54424745301978	0.03986125808448437	147.43280619474567	0
34.96410671458597	139.31948552301756	0.255674123585492	155.19148617663123	0.4097082979528986
36.139598161123644	146.71626292446922	0.35606676655116104	170.64569237896046	0.7186563555526547
37.31508960766133	150.13653775175806	0.25494125193740014	179.39459175745895	0.5933780803501311
38.490581054199		146.45559555578646	0.03744207361682852	172.86312911607624	0.11239081489541915
39.54852335608291	142.32461081612405	0			164.80733925848662	0
41.664407959850735	135.4590289141148	0			152.8532363026089	0
43.78029256361855	140.86146604866448	0.21071209447543457	158.4944815968207	0.29876315311998447
45.39044068136882	150.21422169779515	0.3535975847788336	177.68806434611128	0.7288979191580284
47.00058879911909	149.4871893085351	0.13929641361019954	179.21941793231082	0.3719333164048273
48.37538557078877	143.9206834698731	0			168.10278317307953	0
49.750182342458444	138.97771586438745	0			158.98383186098		0
51.4828822335074	133.88789178368108	0.005011927177878941	149.94320693682698	0
53.215582124556356	141.4064851835475	0.27181636650745145	161.64464425286505	0.4509914543372972
54.49200637092905	148.97460092457115	0.35278031521226305	177.01474568066035	0.7295475423509178
55.76843061730173	150.5481499088142	0.20090485542786496	181.8763761140899	0.49323756324630896
57.04485486367442	145.35001980625339	0.0024987953043846146	171.0171730558757	0.002089432863061097
58.321279110047115	140.5666196147039	0			161.90908400475405	0
60.87412760279249	134.51630170859238	0.025248785428929204	149.0244299357999	0
62.13513815654062	139.32729439150424	0.2473004644833545	156.3015149939761	0.3886358761419413
63.39614871028875	147.2168703656127	0.3559626969018029	172.53222286155912	0.7214798690275324
64.65715926403688	150.1274170160245	0.23473884203975084	180.26213169023407	0.5567912518984867
65.918169817785		145.47038830114676	0.014815927464129413	170.9252742329666	0.03589285757913952
67.05307931615832	141.16664646471904	0			162.69478392122105	0
69.32289831290494	134.10773106377133	0			150.6261882219721	0
70.58998897244769	134.93320167521014	0.12783033096053778	148.45034048368677	0.10532890796689605
71.85707963199043	142.5407126796771	0.3308081686833185	163.02970895522265	0.6145469065862499
72.9974612255789	148.66931059927546	0.3318467546351769	176.4500783080036	0.7147942278559855
74.13784281916737	148.83605024103724	0.15693497847448878	178.72405487590748	0.4073082416774652
75.27822441275585	144.2509375053154	5.522367819813267E-4	169.25668608822247	0
76.4186060063443	140.04824389350452	0			161.25725908833266	0
78.69936919352125	133.4498262646463	0.004796958947099719	149.50807668506357	0
79.91095199801204	135.96966431263064	0.17883212300579124	151.28177192048514	0.22281165415778018
81.12253480250283	143.62188278294676	0.3447208395791243	166.18971518030543	0.660469033980054
82.33411760699362	149.10261039504311	0.30479918453917937	178.4885439412022	0.6770376156578992
83.5457004114844	147.06833456751576	0.08807638479388039	176.29438919769177	0.26152404718099964
84.6361249355261	142.7856359364366	0			167.49600022822673	0
85.7265494595678	138.89222257825347	0			160.06541705221883	0
87.90739850765124	133.06276408668845	0.010932200926854187	148.99241628882135	0
89.0828061618316	136.16662531567917	0.1979553465134911	152.18275847734276	0.2681385014722972
90.25821381601197	143.70532445413815	0.3480527150852427	166.9237963662519	0.6729247062050939
91.43362147019235	148.94257872216		0.30168112939411074	178.64369537578054	0.672201181335347
92.60902912437273	147.04578267544545	0.09018384599472169	176.58753853758526	0.2664213303224952
93.7844367785531	142.46943512413745	0			167.17992262589027	0
94.95984443273346	138.33792608800388	0			159.3180418341681	0
97.31065974109421	133.96050030632594	0.04032223173900055	147.84786850673964	0
98.51956300570492	139.12663705850565	0.2616528466871658	156.19096279562524	0.4248908911944051
99.72846627031564	146.73284837374777	0.3556549891305294	171.94479165448487	0.7240185465401827
100.93736953492633	149.69463398625697	0.23747764363083945	179.70272242302386	0.5618177705644313
102.14627279953704	145.46610907344638	0.021265415479070227	171.3405213622445	0.055766674491523525
103.23428573768669	141.32922191804704	0			163.3315818733421	0
105.41031161398594	134.47618648927423	0			151.4833826618435	0
106.74027085506043	134.20895701641052	0.09683289837055693	147.1739175012217	0.04976075176106071
108.07023009613492	141.96810703877836	0.32315822882554573	161.83532715093827	0.5914180809226643
109.21183603085042	148.36338053023522	0.33828800052632885	175.71139902545013	0.7219372086447924
110.35344196556592	149.05849004040505	0.17328957827901753	179.02201329164708	0.43965730276080495
111.49504790028142	144.50832706876062	0.002260214593759416	169.5644273256295	0.001723160407925646
112.6366538349969	140.2778079114068	0			161.50955699711287	0
114.91986570442792	133.49696628473959	0.0024191603113294315	149.68631199398314	0
116.14277810160807	135.60651342276316	0.16592573210163583	150.48897071331237	0.1925817927866801
117.36569049878824	143.25343651115818	0.34141598564494935	165.3116000465789	0.64887591890432
118.58860289596839	148.97901028955798	0.3096940085511298	178.10796683774723	0.6844752737461557
119.81151529314855	147.13393101796632	0.0940524361090493	176.38459203891375	0.2753424822430972
120.91213645061069	142.81099142210337	0			167.51118501920223	0
122.01275760807283	138.88147877271265	0			160.01983582930808	0
124.21399992299709	133.0383017296579	0.011501871011993733	148.8789056808188	0
125.39191953861236	136.2297735665925	0.2004629364464558	152.27537493066805	0.2741327329108871
126.56983915422762	143.79883840413453	0.348806232406068	167.1110087606258	0.6758936339476349
127.74775876984287	148.9640781851799	0.2994129466985421	178.71108357308148	0.6686389653026322
128.92567838545816	146.93477016520418	0.08610300626125635	176.37245709351333	0.2569332929977695
130.1035980010734	142.35903407082034	0			166.98284018874418	0
131.28151761668866	138.23022162544757	0			159.13932736098582	0
133.6373568479192	134.08360959452696	0.0441311530097548	147.70067306999925	0
134.85188734685525	139.44106591307914	0.26730501242768234	156.551587206828	0.43935837125361804
136.0664178457913	147.02118694080036	0.35504680067354066	172.36179859838566	0.7264013953261674
137.28094834472736	149.69342921132414	0.2291526245920673	179.62264709642184	0.5464795825783967
138.49547884366342	145.27956125412385	0.016083474988752202	170.7779038180011	0.03980342150370912
139.58855629270587	141.14121371000883	0			162.82677534922288	0
141.77471119079078	134.29398436643558	0			151.06025366722997	0
143.07904619628417	134.3555076971464	0.10567868112952675	147.3528242828746	0.06359778468864691
144.38338120177752	142.020995928706	0.32482070565675686	161.90754557049877	0.5963614462044053
145.53071731152392	148.38559923038062	0.336579407862925	175.7735450051302	0.7201582805859515
146.67805342127028	148.90625288248333	0.16751630811960377	178.77606832091166	0.4282874201096549
147.82538953101667	144.31890511673228	0.0012923328033130664	169.28575254449163	5.370574300442617E-4
148.97272564076303	140.08718657128287	0			161.24233046214772	0
151.26739786025578	133.39917993685052	0.003968037508496314	149.44116907164434	0
152.48424720216553	135.80981441864333	0.17509858510183285	150.95455109744645	0.21403805994137273
153.70109654407526	143.48197418115606	0.3439196266301842	165.89097536635458	0.6576008794108886
154.91794588598498	149.03086276958436	0.30578046042710194	178.34036934695092	0.6785443727726176
156.1347952278947	147.0154459701579	0.0886504419001332	176.2113280242816	0.26285858450890703
157.22995963561345	142.72063002029253	0			167.3965377942083	0
158.3251240433322	138.8169382773355	0			159.95372091576218	0
160.51545285876972	133.02408775876867	0.011810842226381289	148.86959319739762	0
161.6905238611767	136.22508870461965	0.20095932319999346	152.29614334950804	0.27532076898460384
162.86559486358365	143.777467554239	0.34879473458486143	167.09687754682835	0.6758478016269305
164.0406658659906	148.94580019617683	0.2998026983184738	178.69459012304068	0.6692536064537132
165.21573686839758	146.95827426718154	0.08727840559272289	176.43843615731942	0.2596682613077863
166.39080787080454	142.38966733805518	0			167.05575501391564	0
167.5658788732115	138.26574141240278	0			159.21524949310194	0
169.9160208780254	133.99048618181885	0.04190717438900694	147.77293627642712	0
171.12618171288022	139.23063230495848	0.2639450361000657	156.31657429048343	0.43074419233378525
172.3363425477351	146.82362350354305	0.35545666923562935	172.08622043322455	0.7249897257924183
173.54650338258995	149.68083238766076	0.23450458848964273	179.66476438628015	0.5563604238201134
174.7566642174448	145.38592506667297	0.019324779558147726	171.1335333620268	0.050006639958048264
175.8458089688142	141.25072327485825	0			163.1494046972063	0
178.02409847155292	134.4021206122667	0			151.33456815198477	0
179.34539490770297	134.23311014410677	0.09943535397854587	147.21503826368024	0.054001687704897675
180.66669134385302	141.95766825924906	0.32359458955572584	161.8312940579432	0.5927116254055855
181.80957930322845	148.34594130937154	0.3378662894246408	175.7073105596729	0.721507101022318
182.95246726260385	148.99963842404765	0.17187695898998698	178.9457446405382	0.43688039983868887
184.09535522197928	144.4400699163672	0.0019697105334137667	169.47875752657555	0.0013045860255896582
185.23824318135468	140.2102512861185	0			161.42917902708788	0
187.52401910010553	133.45205579132352	0.0027841084643835884	149.61382406614237	0
188.74522257477113	135.63125193176825	0.16804463467674033	150.58171862948032	0.19752579849724683
189.96642604943673	143.28298003768802	0.3419907721121915	165.42811950239476	0.6508503223262019
191.1876295241023	148.9705159342672	0.3088814046853219	178.14863125938794	0.6832545025311679
192.4088329987679	147.092974145283	0.09298268619495038	176.3463585955997	0.2729158303172459
193.50791612596691	142.77742641154833	0			167.48716442322035	0
194.60699925316592	138.8543410527439	0			160.00712724358632	0
196.80516550756397	133.01634917155513	0.011457036392055328	148.8786602964417	0
197.98243006619015	136.19729102486835	0.20017879870070307	152.25134123507837	0.273452904327426
199.15969462481632	143.76114273481463	0.34870499066234895	167.07170765871794	0.6754906554821782
200.3369591834425	148.93749284613295	0.2997657881757424	178.68942897347463	0.6691954432023438
201.51422374206868	146.93149683743886	0.08678654747174744	176.39937853692834	0.258523995484675
202.69148830069486	142.356801192721	0			167.00857812301285	0
203.86875285932103	138.22824070777156	0			159.16308315889145	0
206.2232819765734	134.03423880332414	0.04334107445937342	147.7192667898454	0
207.43629920362014	139.3509734600961	0.26613632664314313	156.46294115827422	0.4363574333518268
208.6493164306669	146.9364786058066	0.3552017403217035	172.2601921970617	0.7259345848773264
209.86233365771363	149.6740981561836	0.23102853852290647	179.63302233480752	0.5499510531700537
211.07535088476038	145.30022767439198	0.017159613784110482	170.89474581908854	0.04325325735024592
212.16706638910247	141.16306377127702	0			162.93220044688525	0
214.35049739778663	134.31506413961034	0			151.14863071290202	0
215.66041895725553	134.2933293094927	0.10339873187038992	147.29529085378115	0.060143610336446086
216.97034051672446	141.97643276319732	0.32433634391743466	161.86388102495746	0.594916916786459
218.1157990898742	148.3511757998995	0.3371040224169041	175.73516285284097	0.7207145482732558
219.26125766302394	148.92697601454125	0.16929679370582654	178.83564682376624	0.43179978350142273
220.40671623617368	144.3513583931807	0.0015575923150671122	169.3546530316958	8.098407263521171E-4
221.55217480932342	140.12085151750344	0			161.309720158505	0
223.84309195562292	133.40385334312975	0.003477561817361663	149.50353943758782	0
225.06152004316294	135.71737530494295	0.17214237372049568	150.78860970398978	0.20710791072675025
226.27994813070296	143.38005194629926	0.3431097664699779	165.68490454478035	0.6547416399192401
227.49837621824298	148.98918193645773	0.3071549086026935	178.25103154237888	0.6806419149326678
228.716804305783	147.0372271535581	0.09062281736157789	176.27044814627328	0.26744070140313697
229.81338958456905	142.73427883981685	0			167.43730099095396	0
230.9099748633551	138.8226907998562	0			159.97876314356657	0
233.10314542092715	133.0054123837553	0.0115665299666173	148.87525638188313	0
234.2791298831638	136.18771566192137	0.20031232056248344	152.2544637056786	0.2737723493227321
235.4551143454004	143.74369237401112	0.3486774769761871	167.0573999394145	0.6753813688950928
236.63109880763702	148.92369249615325	0.29999970656320596	178.67800722562527	0.6695638958278992
237.80708326987363	146.9394903189957	0.08740764761625665	176.43156918321674	0.2599688815776721
238.98306773211024	142.3678230595175	0			167.04321973814095	0
240.15905219434686	138.24122260409868	0			159.19843664254924	0
242.51102111882005	133.98529507014075	0.04227798109318873	147.75195835935497	0
243.72198361795324	139.24632819589277	0.26453732639351013	156.3496152514545	0.4322596933724752
244.93294611708643	146.83800568468286	0.35539190865200515	172.12758756868575	0.7252555364375736
246.14390861621962	149.66330199273898	0.23356081521742608	179.65084493277254	0.5546232570615287
247.35487111535278	145.3460871374645	0.01870374255820543	171.06211093667002	0.04812570507901353
248.44473736457266	141.21039294283145	0			163.0837648955601	0
250.6244698630124	134.36159643791723	0			151.2769923807715	0
251.94242893532547	134.23098296735944	0.10046018284052168	147.22901534240216	0.05562759799214293
253.2603880076385	141.9422096281424	0.32375981876456184	161.82696909379877	0.5932021560145884
254.4037310743529	148.3279688293724	0.33770705564731524	175.7024766026085	0.721343123481916
255.54707414106724	148.96650128779729	0.17135194950269605	178.91396425937472	0.4358474959420204
256.6904172077816	144.40410737462594	0.0018784597153996213	169.4435563898758	0.0011503162707653968
257.83376027449594	140.17456057745247	0			161.3958939630248	0
260.12044640792465	133.4243559631789	0.0029171122502790023	149.58312966241127	0
261.34095025718284	135.62810098831136	0.16879919597518017	150.60965407361644	0.19928817661743475
262.5614541064411	143.28095667185693	0.3421873893551609	165.4630269036954	0.6515293880049992
263.7819579556993	148.95562262079346	0.3086106964762623	178.15730831570002	0.6828465379216658
265.0024618049575	147.06876228194037	0.09266157539188632	176.33101688763497	0.27217187829664297
266.1009152692898	142.75607036577676	0			167.47709748308404	0
267.19936873362224	138.8353260542048	0			160.00107667856878	0
269.396275662287	132.9971580986042	0.011409222817897597	148.8766703985707	0
270.5732491594891	136.17015894171948	0.19995339895060932	152.23113330586986	0.2729137248118969
271.75022265669116	143.73134403025		0.3486350991120126	167.04298936867986	0.6752132288357134
272.9271961538932	148.91526052695767	0.29998747743954884	178.67320100067013	0.6695446426107798
274.1041696510953	146.92304707379185	0.08719282112028862	176.4121809863853	0.25946917811467485
275.28114314829736	142.34864581422664	0			167.02021229943367	0
276.45811664549944	138.21991643438707	0			159.1731586856607	0
278.81206363990356	134.0003602197739	0.04292234923815714	147.72583786970142	0
280.0242701754556	139.29536635520327	0.2655131961214271	156.41244437380595	0.4347594325918297
281.2364767110077	146.8836537021938	0.3552789437208284	172.20256131151177	0.725675030668929
282.44868324655977	149.65606968316666	0.23202280233354788	179.63486108756962	0.5517874507224808
283.66088978211184	145.30400204078302	0.017746211144089412	170.9546253870493	0.04513280522640916
284.75187566410875	141.16746317525255	0			162.98594717864665	0
286.93384742810247	134.31883993622887	0			151.193038197441	0
288.2467616526975	134.25258910518076	0.10219194307050317	147.261746531869	0.05831788523726397
289.5596758772926	141.9451808577753	0.3240788706475485	161.83781507928663	0.5941504980246599
290.7040983014512	148.32522199683302	0.3373818064797256	175.7114879858631	0.7210055685569994
291.84852072560983	148.93073468086178	0.17025360373464773	178.8645670924275	0.4336851288969833
292.99294314976845	144.36162453484823	0.0017021588913283042	169.38891556623742	9.57401113133228E-4
294.13736557392707	140.1318349684099	0			161.3433093412462	0
296.42621042224437	133.39898968989283	0.003210541173198312	149.53440717598173	0
297.6454859586699	135.65916624727265	0.17052362397277904	150.6943616307346	0.20331932375522677
298.8647614950954	143.31632892654795	0.34265629934059816	165.56796341920113	0.6531567928169629
300.084037031521	148.95847756580366	0.3079005742910141	178.1979094001791	0.681773375099168
301.30331256794653	147.04166993668554	0.09170576191073165	176.29931793298988	0.26995445527412903
302.4006605507296	142.73440970317762	0			167.45642029607927	0
303.49800853351263	138.81854580819905	0			159.98940418830045	0
305.6927044990786	132.9877241265681	0.01143226535044166	148.87526750572175	0
306.86912636852185	136.15869103218165	0.1999299554786176	152.22627774775268	0.2728576513054503
308.045548237965	143.71617921939057	0.3486029675563815	167.02912630995542	0.6750858935574222
309.22197010740825	148.9037647822587	0.3001414114482607	178.66425440544754	0.6697869174380882
310.3983919768515	146.92371262769743	0.0875443306662617	176.42802669202402	0.26028678710716674
311.57481384629466	142.350482439651	0			167.0365519018805	0
312.7512357157379	138.222400068593	0			159.18925263676346	0
315.1040794546243	133.97269446810296	0.04241101898177579	147.73989842736069	0
316.3153097194381	139.24093671188137	0.2647435420245507	156.3563147763828	0.4327876368811181
317.526539984252	146.83226876939972	0.35536872712057505	172.13725729770167	0.7253459103518041
318.7377702490658	149.6467751853522	0.23323512126269336	179.64169629931234	0.554023237986139
319.94900051387964	145.32215687964992	0.018495145593574208	171.03341898514188	0.047480277666012455
321.03910775221203	141.18627947154488	0			163.05710021066005	0
323.21932222887693	134.33709996996183	0			151.25289303100166	0
324.5360544921393	134.21883510397734	0.10079435855250428	147.22829226587015	0.05615252691768272
325.85278675540155	141.92456750663516	0.3237985927970083	161.817725957784	0.5933173262687331
326.99615942224403	148.30992962326607	0.3376752770254203	175.69339443996475	0.7213102965775902
328.13953208908646	148.94619393901098	0.17125967546908605	178.90091916092797	0.4356659085762479
329.2829047559289	144.38374360201226	0.0018639311687887036	169.4308247107173	0.001125753177850045
330.42627742277136	140.1544396376625	0			161.38397536821765	0
332.71302275645627	133.40515590665217	0.0029344289068978717	149.57185250818495	0
333.93329546087324	135.6108804264571	0.16886902728179692	150.60380891087885	0.1994513241408253
335.15356816529027	143.26289986419013	0.3421947689760204	165.45556377183487	0.6515549128616968
336.37384086970724	148.93763478996314	0.30862432615088864	178.149111337805	0.6828670933550409
337.59411357412426	147.05370923069998	0.09273016538105677	176.3282165247272	0.2723309579846867
338.6923590080996	142.7417269486819	0			167.47519090863398	0
339.7906044420749	138.82136799628933	0			159.9995736685829	0
341.9870953100255	132.9796548971866	0.011345798647565346	148.8750322649447	0
343.1639905253393	136.1446921043548	0.19971304159466832	152.2107359938984	0.2723388745500995
344.3408857406531	143.70452216066127	0.3485713372890846	167.01709116707443	0.6749606712707037
345.5177809559669	148.89519144356183	0.30016514296690466	178.6589631156882	0.66982425368248
346.6946761712807	146.91287346997413	0.0874881410760242	176.41916878816525	0.26015610086416974
347.8715713865945	142.33826411882663	0			167.02567867761394	0
349.04846660190833	138.2090413589201	0			159.17699320601858	0
351.40225703253594	133.9746289844902	0.042687251533676696	147.72668962050406	0
352.61400881851046	139.2574160504725	0.26516266608904254	156.38123121853278	0.4338611335948005
353.825760604485	146.84733800058032	0.35532069316788967	172.16737917976096	0.7255259224450067
355.03751239045954	149.63939079104475	0.23257943266547834	179.63313447843205	0.5528144616737988
356.2492641764341	145.29985528150283	0.018082900300902437	170.98557301330803	0.04618774808081715
357.3398407838112	141.1636481239871	0			163.01347377735073	0
359.5209939985654	134.31446203501577	0			151.21519282280553	0
360.8355419054476	134.22287136502877	0.10151099589729795	147.23964562917084	0.05727852206436194
362.1500898123298	141.92027920132082	0.3239251476035602	161.81870211648973	0.5936933862596098
363.29385918766434	148.30349393750848	0.3375489105910757	175.69380906836432	0.7211794301242851
364.4376285629989	148.92723100081915	0.17083707199211562	178.87918530247958	0.43483408052774347
365.5813979383335	144.36224002700632	0.0017909518692077481	169.40718174170752	0.0010480205710691201
366.72516731366807	140.13295129840378	0			161.36135361621155	0
369.0127060643371	133.39022792461463	0.003045107095401009	149.5508620764036	0
370.2324652195829	135.61685787285913	0.1695098789294279	150.63243677005408	0.20094892627243444
371.4522243748286	143.27019737618002	0.3423660832120788	165.49100170543463	0.6521482331405806
372.6719835300743	148.93331181344294	0.3083746195584109	178.1612720569482	0.6824902477575182
373.89174268532		147.03957430557233	0.09240925321195201	176.31614557483988	0.2715866201327228
374.9895259250412	142.72976712319795	0			167.4673459400987	0
376.0873091647624	138.8112859510285	0			159.99508272192753	0
378.2828756442047	132.9711046312573	0.011333995172263838	148.8741868562299	0
379.4595490826251	136.13290487610251	0.19962871095716817	152.2027331941455	0.27213721204871105
380.6362225210454	143.69098000048186	0.3485396063421883	167.00411764200055	0.674835175631012
381.8128959594657	148.88508135670168	0.30027611679315513	178.651406226949	0.6699987946887319
382.98956939788604	146.9102284736876	0.08770695469672891	176.4271600936214	0.2606649972176454
384.1662428363064	142.33597376514885	0			167.0333672687836	0
385.34291627472675	138.20683143260138	0			159.18408280058608	0
387.6962631515674	133.9571809477342	0.04243410938716969	147.7321497514243	0
388.9075295861144	139.226576659409	0.26477771367392927	156.35160751455825	0.4328751363863194
390.1187960206613	146.8180677108743	0.3553649668433458	172.1332338936635	0.7253603484538542
391.33006245520824	149.63118804811094	0.23318396960191598	179.6350637014681	0.5539289779017045
392.5413288897552	145.30557224654552	0.018462976817230265	171.02394422648655	0.047380739902880956
393.63146868084743	141.16966111001977	0			163.04794883322242	0
395.811748263032	134.32004683335242	0			151.24383649283664	0
397.12818002173265	134.20257293826393	0.10082016085977825	147.22149018029654	0.05619306118537028
398.44461178043326	141.9062796001756	0.3237815810339413	161.80665458034085	0.5932667936023304
399.58782168435766	148.29219321346199	0.3377003356226796	175.6827198671629	0.7213361845886643
400.73103158828206	148.93196372055854	0.17136052295889878	178.89650745348862	0.4358643670480319
401.87424149220647	144.37072343239208	0.0018836959656226232	169.42839535779513	0.0011591690191723352
403.01745139613087	140.14167814840994	0			161.38187112635046	0
405.3038712039796	133.3901965087626	0.0028998304768925263	149.56953642008958	0
406.5241350883683	135.5879061016443	0.16863426491331143	150.58327193729744	0.19890287845947036
407.74439897275704	143.2383289460777	0.34211903110010683	165.42980425834		0.6512930780587036
408.96466285714575	148.91882292980767	0.30876135525395476	178.13384726087648	0.6830736630598114
410.18492674153447	147.0429936181455	0.09296390511800012	176.33082023658426	0.2728730221233388
411.2831642374843	142.73074480142773	0			167.4767118835682	0
412.3814017334342	138.80989380838756	0			159.99988693162655	0
414.5778767253338	132.96342069296952	0.011280319038886745	148.87336809951907	0
415.7547764678838	136.12094513343436	0.19948107802993836	152.19121217064958	0.27178420618412547
416.9316762104338	143.67998410462653	0.34851341902353045	166.99350773651554	0.6747316989156261
418.1085759529838	148.87672476622566	0.3003162193298097	178.6460825385018	0.6700618475424825
419.2854756955338	146.9023075143912	0.08772547849750506	176.42343367659754	0.2607080753952647
420.4623754380838	142.32732105793525	0			167.02839240467833	0
421.6392751806338	138.19751400677507	0			159.1781481773674	0
423.9930746657338	133.95318701461323	0.04253611119119244	147.72524356911052	0
425.20452901124435	139.22794910964473	0.2649329769189392	156.35878428916646	0.4332727548604358
426.41598335675496	146.81899101986775	0.35534739722719233	172.14239181649705	0.7254270158939058
427.6274377022655	149.62396863611048	0.23294311884012947	179.63012651518375	0.553485059376561
428.8388920477761	145.29288086627844	0.018309841503099836	171.00467321348373	0.04690689152732142
429.92920095873563	141.15685651010415	0			163.03023291543346	0
432.10981878065473	134.30712303556683	0			151.22819342550184	0
433.42540677561885	134.19899409857524	0.10107229005891095	147.22328888046096	0.056589171736995195
434.740994770583	141.8991866568585	0.3238188113364165	161.80348147442035	0.5933773900902988
435.8842869827545	148.284558400137	0.33766580830892645	175.67950296301		0.721300509016365
437.0275791949259	148.92122473565013	0.1712501831188093	178.88782949473162	0.43564722764399627
438.1708714070974	144.35948853447482	0.0018649249288158415	169.41923989371634	0.0011274333143275737
439.3141636192689	140.1305354610194	0			161.37324273042444	0
441.600748043612	133.3805789017389	0.0029261749716124478	149.56149700509692	0
442.8208327633586	135.5827830527153	0.16877542638167825	150.58619708585988	0.19923264532521243
444.04091748310526	143.2331262678137	0.34215264401022016	165.43336763425725	0.651409246450195
445.2610022028519	148.91155789044527	0.30872190049483283	178.13298260245767	0.6830142021284101
446.48108692259854	147.03507142953595	0.09293236084769672	176.32766157481169	0.2727998720754871
447.57916317037046	142.72347728179474	0			167.4746552738877	0
448.67723941814245	138.80310829907714	0			159.99859149658485	0
450.87339191368636	132.95557908920955	0.01125426780227228	148.8726911386292	0
452.05022115167793	136.10950596643775	0.1993749378229965	152.1821563487789	0.27153044002343085
453.2270503896695	143.667698545287	0.3484833651824322	166.98145175412267	0.6746130480657022
454.403879627661	148.86760128065325	0.30040343625384847	178.63940424289396	0.6701989395167339
455.5807088656526	146.89828316307953	0.0878770622820619	176.427617868907	0.2610605761571794
456.7575381036441	142.3232841665997	0			167.03195552050403	0
457.93436734163566	138.19330945910048	0			159.1809943246838	0
460.28802581761875	133.94077534309656	0.042404276831812464	147.7266971285186	0
461.4992242172811	139.20847311023377	0.26473025184974425	156.3417634537818	0.4327536073653343
462.7104226169435	146.80038270520822	0.35537044746402846	172.12303945001997	0.7253392845639862
463.9216210166059	149.6165152478022	0.23326124176507118	179.6298452277608	0.5540713691674153
465.13281941626826	145.29286842151205	0.018512886406327412	171.0236229264057	0.0475351715504546
466.2228979759645	141.15698493195444	0			163.0471355529894	0
468.4030550953568	134.30691536413235	0			151.24195536122772	0
469.7196031733542	134.1848424738696	0.10070158680815923	147.21204529026525	0.05600679088677254
471.0361512513516	141.8880047540508	0.3237367862693098	161.79461917491125	0.593133753267143
472.1791057072048	148.27495280379458	0.3377534029995075	175.67125635624546	0.7213909392947904
473.32206016305804	148.92106871318225	0.17155621158595147	178.8963598487128	0.4362494157920481
474.4650146189112	144.36166146892856	0.001920257240292419	169.43106209719016	0.0012209809624552214
475.6079690747644	140.1328898216563	0			161.38463891585158	0
477.8938779864708	133.37771722073566	0.002839948904514685	149.57170592582648	0
479.11423521142586	135.56249640028864	0.16824970183705	150.555607285967	0.19800466772043296
480.334592436381	143.2108866983511	0.3420016110224167	165.39501673792802	0.6508877072843783
481.5549496613361	148.89995591501892	0.3089603124333251	178.11510371266965	0.6833732990199842
482.77530688629116	147.03506011790572	0.09328977679758373	176.33638103361912	0.27361259212387906
483.8736283887508	142.72206792325323	0			167.48024431817697	0
484.97194989121033	138.80029537179635	0			160.00143524309553	0
487.16859289612944	132.94833312076852	0.011211332429969363	148.87205441813128	0
488.3455472028156	136.09835480375884	0.19924609005889812	152.17195748519788	0.2712224127937135
489.52250150950186	143.65689658773366	0.3484569577372556	166.9708982414642	0.674508884280473
490.69945581618805	148.85948234235673	0.3004564897091472	178.63393955978768	0.6702823058483643
491.8764101228743	146.89202160544815	0.08793611216340752	176.42655366553234	0.2611978860059605
493.0533644295605	142.3165381219573	0			167.02988369994569	0
494.23031873624666	138.18607626739018	0			159.17807458725966	0
496.58422734961914	133.9344487206546	0.042429609168299895	147.72271412990784	0
497.79546464938284	139.20340331746542	0.2647676217710967	156.34112490258687	0.4328492947438306
499.0067019491465	146.79527391170916	0.35536634959599306	172.12292711321214	0.7253550462395175
500.21793924891017	149.6096364375389	0.23320553826746115	179.6266030431677	0.5539687245214425
501.4291765486738	145.2847984373706	0.018477900678247696	171.01718787224337	0.0474269179463171
502.5192901184611	141.14888811205984	0			163.0410698407096	0
504.69951725803566	134.29864065767578	0			151.2362522505208	0
506.0158240487005	134.17818765750232	0.10074699011647145	147.20969340897037	0.05607811455827045
507.3321308393653	141.8800129593004	0.32373480015459	161.78980255059255	0.5931278551978836
508.47503160614593	148.26710712187992	0.3377588910264551	175.666608327193	0.7213965964475088
509.61793237292653	148.91420875687726	0.17158194963990572	178.89350125780396	0.4363000547973491
510.7608331397072	144.35521582092548	0.0019256655298026185	169.4289365155974	0.0012301242907250785
511.9037339064878	140.12655959637652	0			161.38271858834852	0
514.189535440049	133.37072130366946	0.002829658503875707	149.5697926666231	0
515.409863587128	135.55288842186877	0.16817445252454938	150.54786351477125	0.19782893885111508
516.6301917342071	143.20060815761286	0.3419755012432845	165.38523084975654	0.6507976607071679
517.8505198812861	148.89170526050384	0.3090101631495179	178.10892937536354	0.6834483218836651
519.0708480283652	147.03003845750092	0.0933820965387376	176.33712511963864	0.27382203419682866
520.1691433607364	142.71702593631312	0			167.4807099637366	0
521.2674386931075	138.79512100804104	0			160.00152497720356	0
523.4640293578498	132.94108442538428	0.0111810503236846	148.8714466509498	0
524.6409845643499	136.087619501489	0.19913849550874282	152.1630594194021	0.27096521886556935
525.81793977085		143.64577699335467	0.34842988469926295	166.96007813564606	0.6744021832548807
526.9948949773502	148.8511723127479	0.3005266612817453	178.62806682477736	0.6703925409880506
528.1718501838503	146.88739378062164	0.08804678382456621	176.4286675926009	0.2614552212183526
529.3488053903504	142.3117385562376	0			167.03127982597573	0
530.5257605968505	138.18101043688634	0			159.17875029197447	0
532.8796710098509	133.92479870534765	0.04235967688729968	147.7221905891183	0
534.0907679407159	139.18996134113283	0.2646593160762789	156.33070900245994	0.4325719870084453
535.3018648715808	146.78232993105775	0.3553785938072618	172.11128263105564	0.7253077347775665
536.5129618024458	149.60275335673518	0.2333766001491493	179.62528186180728	0.5542839146376431
537.7240587333108	145.28196229344613	0.01858740416776164	171.0262839895406	0.04776574267638017
538.8140459710894	141.14612986841257	0			163.04907377803275	0
540.9940204466463	134.2956226968657	0			151.242506889449	0
542.3108285829494	134.1674290121261	0.10054234883631503	147.20218722418159	0.05575665780489211
543.6276367192525	141.87067389770388	0.3236867039529263	161.78311127668988	0.5929850439919404
544.7703220907431	148.25871585928533	0.33781139830002316	175.66027951566787	0.7214506707994407
545.9130074622337	148.91162805335517	0.17176820276838545	178.89748135446837	0.43666647049719215
547.0556928337245	144.35412893058597	0.0019596487945289297	169.43507079467665	0.0012875760328453453
548.1983782052151	140.12561608408973	0			161.38866952142465	0
550.4837489481964	133.36651119932128	0.002775993619369834	149.57504455209033	0
551.704232638995	135.53769161721513	0.16784410117689952	150.52747356751144	0.19705758276787722
552.9247163297937	143.18409216052723	0.3418791597982821	165.35973593206958	0.6504656902663549
554.1452000205923	148.88200220459996	0.3091631034402275	178.0964608875706	0.6836783540745578
555.3656837113908	147.02800292004707	0.09361632266811783	176.34209763127095	0.2743533650669322
556.4641190331096	142.71415994197338	0			167.48377002771562	0
557.5625543548284	138.79138650937335	0			160.00286761162954	0
559.7594249982659	132.934210637675	0.011148574423140115	148.87054112547543	0
560.9364447450163	136.07753069281702	0.1990352412249506	152.15439452721628	0.27071842106954186
562.1134644917666	143.63573942059463	0.3484069414971546	166.9505891804304	0.6743118283990691
563.290484238517	148.84349390634645	0.3005780270508785	178.622926031644	0.6704732117006948
564.4675039852674	146.88194703229945	0.08811520548121633	176.42856098488647	0.2616143084777437
565.6445237320179	142.30598511678025	0			167.03041912876714	0
566.8215434787683	138.17490972215438	0			159.1772075178009	0
569.175582972269	133.9175648195233	0.04234861021046954	147.71967366470415	0
570.3866449411073	139.18200744052123	0.2646401898122552	156.32638361352838	0.43252302020858513
571.5977069099456	146.77451619846497	0.3553808922748689	172.10675417673468	0.7252987804588067
572.808768878784	149.5962396295891	0.2334103527561902	179.6229092318579	0.554346096739355
574.0198308476223	145.276337138511	0.018609727972565635	171.0261333636047	0.04783481558441626
575.1097866195768	141.14052545462823	0			163.0487303631579	0
577.2896981634857	134.2898251779673	0			151.24171609266605	0
578.6065617288477	134.15950080228177	0.1004874852477968	147.19789883562962	0.05567048186835598
579.9234252942098	141.86249949698563	0.32366611411896956	161.77765474429438	0.592923917381413
581.0659937590815	148.25100611458132	0.33783567151869137	175.65508110480965	0.7214756371396508
582.2085622239532	148.90681644759925	0.17185784219464095	178.89746160772262	0.43684279750143107
583.3511306888249	144.3501532208706	0.0019764022945203776	169.43634172458277	0.0013158987926522516
584.4936991536966	140.1217645018715	0			161.38998976048822	0
586.7788360834401	133.36097383204637	0.0027485737565623946	149.57609899886518	0
587.9993638715364	135.52623586985274	0.1676680614036607	150.514876397443	0.19664661043398124
589.2198916596327	143.17170182676327	0.3418251704480986	165.3438785436383	0.650279852929372
590.440419447729	148.8735153265019	0.30925344523191306	178.0879165879863	0.6838141378153909
591.6609472358252	147.0244862796046	0.09376445884471994	176.34461029910608	0.2746893690297484
592.7594222451119	142.71030260508664	0			167.48536206506282	0
593.8578972543986	138.78710872693924	0			160.00355910311492	0
596.054847272972	132.92745550878476	0.011117529522838945	148.86993728502873	0
597.2318912669193	136.06739437987582	0.19892935048899732	152.14571192109895	0.2704653431537959
598.4089352608668	143.62537265089517	0.3483813538706205	166.94038667540522	0.6742111341672054
599.5859792548141	148.83575814766849	0.3006411493074566	178.61743815102872	0.6705723210082981
600.7630232487616	146.87735131851898	0.08821021133429648	176.42996407693744	0.26183519694099755
601.9400672427089	142.30116803101828	0			167.0310952744759	0
603.1171112366562	138.16980000901268	0			159.1771835864423	0
605.4711992245509	133.90915346117225	0.042300370648461906	147.71854967206508	0
606.6821682712311	139.17101267250808	0.26456605255796484	156.31850585237356	0.4323332275234736
607.8931373179114	146.7639088805375	0.35538914841685526	172.0981014238822	0.7252664226936444
609.1041063645916	149.589789202921	0.23352623469265424	179.6213109643216	0.5545595628822946
610.3150754112719	145.27263575627208	0.018683730075413105	171.03158242094472	0.04806378528605957
611.4049475532842	141.13687112607434	0			163.053430416459	0
613.5846918373087	134.28593830486113	0			151.24517973448354	0
614.9018688147047	134.15021043285398	0.10034501548900161	147.19187072746476	0.055446710984459364
616.2190457921007	141.8539150064249	0.3236291403918281	161.77156098321967	0.5928141663169446
617.3614415975484	148.24317786396534	0.33787645689589596	175.6493243563972	0.7215175424229862
618.5038374029962	148.9035808464504	0.1720037418282709	178.8998697413033	0.4371297636125434
619.6462332084438	144.34813329991022	0.0020031504444816164	169.44053407882376	0.0013611173641076154
620.7886290138916	140.11988157939382	0			161.3940945538677	0
623.0734206247872	133.35650917729984	0.0027060599945860206	149.57969392773933	0
624.294056218704	135.5129322962815	0.16740299875316572	150.4979089231043	0.19602790591949554
625.5146918126208	143.15722777271455	0.3417464401467903	165.32255909775495	0.6500091068071037
626.7353274065375	148.86461264532275	0.30937970099761497	178.0771889260869	0.6840037801169451
627.9559630004543	147.02211674178557	0.09396240454073372	176.34863767565668	0.27513830796921224
629.0545350349794	142.70731414710514	0			167.48790472181506	0
630.1531070695045	138.7834474691297	0			160.00473791194239	0
632.3502511385548	132.92094156148931	0.011085495160215323	148.86928771020453	0
633.5273450073597	136.05759990858567	0.19882481711849706	152.1371655128251	0.27021553068217363
634.7044388761647	143.6155226700347	0.3483573160102566	166.93074999848633	0.6741166102892074
635.8815327449696	148.82836723845114	0.30069693531031055	178.61228572429928	0.6706598884286453
637.0586266137747	146.87252977471974	0.08828859177002571	176.4305378332814	0.2620174228105106
638.2357204825796	142.2960718209089	0			167.03092343787648	0
639.4128143513846	138.16438028956142	0			159.17632476989337	0
641.7670020889944	133.9018120806186	0.04227558884687133	147.71668102625793	0
642.9779152560839	139.16226905747004	0.26452669051182653	156.31301451484563	0.4322324680597493
644.1888284231732	146.75539205442837	0.35539360492183836	172.09219344155568	0.7252488292927294
645.3997415902625	149.5836109528276	0.23359002036502965	179.6193432657343	0.5546770479159986
646.6106547573518	145.26802313929198	0.018724936516438664	171.03359597398824	0.048191280066531214
647.7004766077322	141.13228979671808	0			163.05504840615868	0
649.880120308493	134.28116003891066	0			151.24607045285325	0
651.1974496199831	134.1421364759247	0.10025881749178515	147.1871091158903	0.05531133119518822
652.5147789314732	141.84597162831417	0.32360312902424665	161.76610651477736	0.5927369674419918
653.657041881689	148.23579014838828	0.33790595421404507	175.64414775937533	0.7215478146656563
654.7993048319048	148.89960979988413	0.17211092130708147	178.90078314344294	0.43734054945747386
655.9415677821207	144.34513218374252	0.0020238885538399467	169.44287011461216	0.0013946445142733863
657.0838307323365	140.11700142742717	0			161.3964264465034	0
659.368356632768	133.35167458294407	0.002674104744691419	149.5816809823825	0
660.5890592938819	135.5013274909345	0.16720084781401107	150.48421864226975	0.1955561258767241
661.8097619549956	143.14463640424754	0.341685279872939	165.30533639692555	0.6497989875926877
663.0304646161094	148.856375889379	0.30947934093005974	178.0681895790718	0.684153344938945
664.2511672772232	147.01920769613906	0.09412241610013687	176.3515816522769	0.27550117628748944
665.3497996722255	142.7039726126583	0			167.48975799132222	0
666.4484320672278	138.7796078090992	0			160.00555770261624	0
668.6456968572326	132.91460640944806	0.011055709652276254	148.86867254776743	0
669.8228296912592	136.04815176536016	0.19872618360661895	152.1290685227394	0.26997983705479117
670.9999625252858	143.60597028866448	0.34833421344427734	166.92148984818851	0.674025829329626
672.1770953593125	148.82118153680824	0.3007515566878047	178.6073053910582	0.6707456066914234
673.3542281933392	146.86793655295475	0.08836732065711986	176.4312933174006	0.262200451031689
674.5313610273657	142.29123856693	0	167.03098282858957	0
675.7084938613924	138.1592526572962	0			159.17573259753658	0
678.0627595294457	133.8944523428713	0.042245096270534396	147.71510668606135	0
679.2736053974695	139.15319858713136	0.26447847560332094	156.30701021536268	0.4321090545506565
680.4844512654932	146.7465738781459	0.3553990263706981	172.08565302463768	0.7252273045233066
681.6952971335171	149.57760642951357	0.2336677224100834	179.61756019928075	0.554820151137565
682.9061430015408	145.26390703521514	0.018775066564859985	171.03663449228404	0.04834638304732783
683.9959042827622	141.12821288237203	0			163.05760369653663	0
686.175426845205	134.27688812794838	0			151.24777522897392	0
687.4929561222892	134.13399754291197	0.10015733345888701	147.18210944204773	0.05515195094910992
688.8104853993733	141.83814859405973	0.32357450654271847	161.76065322930455	0.592652030544419
689.952608940329	148.22856805686018	0.3379378772135877	175.6389898377216	0.7215805430957255
691.0947324812848	148.8960392013169	0.17222608552394714	178.90213011236403	0.43756701721709595
692.2368560222405	144.3426497137165	0.00204858724222551	169.44569291502492	0.0014305064954076563
693.3789795631964	140.11462799703142	0			161.39921666802363	0
695.6632266451078	133.34721417514226	0.0026401694165933214	149.5840861927287	0
696.8840141215994	135.48978146567634	0.1669888456392431	150.4701806382107	0.19506142658865258
698.1048015980911	143.13214229557633	0.3416219798777603	165.28780307119595	0.6495817049359317
699.3255890745826	148.84835636915534	0.30958035311165116	178.05916146849884	0.684304879959636
700.5463765510742	147.01645308946564	0.09428140389272543	176.35443793426705	0.2758616907343168
701.6450852799165	142.7007290825815	0			167.4914449336689	0
702.743794008759	138.77582301502954	0			160.0061584982287	0
704.9412114664437	132.90848672793754	0.011029625973921766	148.8677946271314	0
706.1183758323509	136.03927594865243	0.19863929592630922	152.12160483020097	0.269772226773679
707.2955401982581	143.59698635618747	0.34831370243171045	166.91298134447143	0.6739452850310087
708.4727045641652	148.81430645513137	0.30080033911682524	178.60261619442718	0.6708221441685868
709.6498689300723	146.8634082566585	0.08843830822187852	176.43179560192215	0.2623654756268685
710.8270332959795	142.28650492313088	0			167.0308867776691	0
712.0041976618867	138.1542583508462	0			159.175065691482	0
714.3585263937008	133.8873312560392	0.042215787805720224	147.71355706361575	0
715.5693032185053	139.14439332435586	0.26443144547565733	156.30112544889982	0.43198868175376437
716.7800800433098	146.7379951925035	0.3554043411295776	172.0792121029745	0.7252060719170864
717.9908568681143	149.57180236572498	0.2337446731096406	179.6158190457824	0.5549618554612343
719.2016336929188	145.25998453683695	0.018824956281285277	171.03970607823481	0.04850074038326816
720.2913328352427	141.1243335836093	0			163.06020826178417	0
722.4707311198907	134.27282505230949	0			151.2495528840605	0
723.7884720525475	134.12613364174535	0.10005778055886655	147.17725875875286	0.05499561120481349
725.1062129852044	141.83072040768243	0.32354793259955167	161.75563723816884	0.5925731834134874
726.2482031411133	148.2216812378286	0.3379677741262822	175.63419165060108	0.7216111629301707
727.3901932970223	148.8925834585752	0.17233455646528256	178.9034287107112	0.4377803025508972
728.5321834529311	144.3402216015394	0.0020719265987269387	169.4483817521237	0.0014643941765872413
729.6741736088401	140.11230131997888	0			161.40187111704148	0
731.9581539206581	133.34289977104606	0.002607955711249344	149.58636741683347	0
733.1790134336051	135.47866162809817	0.1667858016228091	150.45670604770842	0.19458769946908006
734.399872946552	143.12003921418744	0.34156064053179336	165.2708212354499	0.6493713333592779
735.620732459499	148.84057465784724	0.3096790838905578	178.0503717662581	0.6844529050400099
736.8415919724459	147.01390417480147	0.09443913695608776	176.35741957197177	0.276219328267021
737.9403655340983	142.69772878486611	0			167.4933208109691	0
739.0391390957506	138.77231373959333	0			160.00699597031362	0
741.2366862190553	132.90256444775258	0.011001400345441245	148.86720528567625	0
742.413883799924	136.03036701261894	0.19854508191961057	152.11386699201665	0.26954712742780995
743.5910813807927	143.58794309254128	0.3482913887887006	166.904073732613	0.6738577186250913
744.7682789616615	148.80753595740345	0.3008534443213102	178.59782550298888	0.6709054449611143
745.9454765425303	146.85918972180372	0.08851583679351167	176.43265299689705	0.2625456988571786
747.1226741233991	142.28206310511194	0			167.0310896484124	0
748.2998717042678	138.14953962950426	0			159.17465084348316	0
750.6542668660053	133.88027590992743	0.04218316084158938	147.71220166448506	0
751.8649792272273	139.135573609077	0.2643810093709053	156.29517148012314	0.43185960028168935
753.0756915884493	146.7294538173299	0.3554098799070974	172.0727423729083	0.7251838041839755
754.2864039496714	149.56612769353535	0.23382381601955732	179.6142004943037	0.5551075809898378
755.4971163108935	145.25620681717217	0.01887563620178094	171.04293475835573	0.04865754048885888
756.5867574359933	141.1205886614395	0			163.06293033378483	0
758.7660396861929	134.2688871632948	0			151.25140609158277	0
760.0839836301242	134.1183972947551	0.09995805542348403	147.1724586897909	0.05483786132473358
761.4019275740554	141.8233358519854	0.3235200797727048	161.75047407526753	0.5924905528253618
762.5437826170971	148.2148731484761	0.3379987305985128	175.62929920016484	0.7216428358710858
763.6856376601388	148.88931152885198	0.1724463171829038	178.9048332307782	0.43800003597633064
764.8274927031805	144.33800197322236	0.0020958974657265027	169.4512088223709	0.0014991981972349603
765.9693477462222	140.11018647551626	0			161.40466347272016	0
768.2530578323054	133.33876638635684	0.00257504234029698	149.58878795721424	0
769.4739946714603	135.4676096881615	0.1665790250534858	150.44309035380434	0.1941053327867752
770.6949315106153	143.10801258904178	0.34149832716359413	165.25369309231795	0.6491578024967783
771.9158683497703	148.83292429395541	0.3097785804003778	178.04155383686424	0.6846019904376142
773.1368051889253	147.01149675698682	0.09459729456782381	176.36041577113556	0.27657789665052007
774.2356483441647	142.69485609071697	0			167.49518946872772	0
775.3344914994041	138.76892218633594	0			160.0078117464315	0
777.532177809883	132.89680225048255	0.010974079413467315	148.86658514589533	0
778.7094097271331	136.02173365996813	0.1984542888023429	152.10636884454192	0.2693302176543063
779.8866416443833	143.57919806002934	0.3482699733926511	166.89548887547207	0.6737737324987227
781.0638735616334	148.80097157343926	0.30090400722202104	178.59319717226828	0.6709847395372518
782.2411054788835	146.8550394367896	0.08858914822498341	176.43337459272388	0.2627161119660519
783.4183373961337	142.27769448095196	0			167.031180992944	0
784.5955693133837	138.14490210897614	0			159.17414898842142	0
786.950033147884	133.8735077518737	0.04215377798000524	147.71080110206168	0
788.1606808453047	139.1271577723583	0.26433454967192177	156.2895091303707	0.43174070376463314
789.3713285427253	146.72127288612603	0.35541503540143476	172.06655809616356	0.725162947257986
790.581976240146	149.56064473257007	0.23389853593144613	179.61258530103964	0.55524514781163
791.7926239375666	145.25253748983644	0.01892386580884338	171.04595729200426	0.048806757532760245
792.8822068652453	141.11695773664553	0			163.06549109407302	0
795.0613727206024	134.2650789327181	0			151.25316009783165	0
796.3795122832331	134.1109570346151	0.09986289969200883	147.16779438562926	0.0546856223438797
797.6976518458639	141.81622479138377	0.32349316117133947	161.7454568347444	0.5924107045722358
798.8393761150508	148.20831162518138	0.33802863039888015	175.62454456088668	0.7216733966281424
799.9811003842377	148.8861629225487	0.17255436536147611	178.90616876208693	0.43821245030400396
801.1228246534246	144.335867487974	0.002119081171436251	169.4539204855043	0.001532858750940858
802.2645489226114	140.1081504245607	0			161.4073452069221	0
804.5479974609852	133.3347733938217	0.0025432033727065986	149.59111406221257	0
805.7690089891954	135.45691723236513	0.16637890011127213	150.42989763385316	0.1936385491607018
806.9900205174056	143.0963699301921	0.34143790460333917	165.2370935603079	0.6489509242921719
808.2110320456158	148.82551272266227	0.309874781447089	178.03299429750422	0.6847460539336307
809.4320435738259	147.0091602165051	0.09475037496775328	176.36329608886834	0.2769249238982286
810.5309539492151	142.69206936729438	0			167.49698244446904	0
811.6298643246043	138.7656331947019	0			160.00858831932433	0
813.8276850753828	132.89121591212051	0.010947600668939758	148.86597473662076	0
815.0049565716519	136.01341719537479	0.19836748519863923	152.09919537738858	0.2691228539684752
816.182228067921	143.57082160579782	0.3482498054562545	166.88737694016		0.6736946878926766
817.3594995641901	148.7946472869239	0.30095063486909984	178.58881943704603	0.6710578468129099
818.5367710604593	146.8508873297384	0.08865521634448906	176.43382808434086	0.2628696821480792
819.7140425567284	142.27331986040153	0			167.03102174247337	0
820.8913140529975	138.1402609750274	0			159.17342062921676	0
823.2458570455357	133.86717536788498	0.04213163815880463	147.7092269261491	0
824.4564523320518	139.1195502698722	0.264298962274085	156.28465340989163	0.43164963616321234
825.6670476185678	146.7138524254454	0.3554190107976138	172.06129610869903	0.7251467778744028
826.8776429050839	149.55534584632517	0.2339567567081521	179.61090376965228	0.5553523282026182
828.0882381916		145.2486734749991	0.018961650499944926	171.04793143341843	0.04892365782913205
829.1777739494645	141.11312624761132	0			163.06711231539825	0
831.3568454651934	134.26108293887674	0			151.2541347754648	0
832.6751293190089	134.10399932573017	0.09978558137641277	147.16358983912346	0.05456192685267528
833.9934131728244	141.80941740752846	0.323469851659752	161.7407075650422	0.5923415704610819
835.1350199571904	148.20198733913736	0.3380548074262752	175.6200344209383	0.7217001272050393
836.2766267415565	148.88286144951311	0.17264960082064287	178.90705739795183	0.43839965962951555
837.4182335259225	144.33347898197826	0.002139595880219198	169.45606247847886	0.0015626437105408224
838.5598403102886	140.10585793129388	0			161.4094830783845	0
840.8430538790204	133.33073912538467	0.002514872728822965	149.59295115922333	0
842.064127125761	135.44687872687837	0.16619980164516876	150.4178490037788	0.19322086413145614
843.2852003725015	143.08544837893817	0.34138340318814103	165.22192061205013	0.6487644648081133
844.506273619242	148.81841211807517	0.30996194428560236	178.02506215763754	0.6848765109842223
845.7273468659826	147.00671833306015	0.09489039390530432	176.36583384898367	0.27724231522318876
846.826312788049	142.68923931380675	0			167.49856280381724	0
847.9252787101155	138.76236007684432	0			160.0092627626259	0
850.1232105542485	132.88578147174624	0.010922100554142606	148.865396793027	0
851.300509404957	136.00526268460686	0.19828181295652256	152.0921154807478	0.2689182072657848
852.4778082556654	143.56252638950153	0.3482293071202144	166.8791910942015	0.6736143971334269
853.6551071063739	148.78843436182962	0.3009995448272587	178.5843986227001	0.6711345161067369
854.8324059570823	146.84705460940577	0.08872734306945931	176.43466467312055	0.26303732882742636
856.0097048077907	142.2692928019211	0			167.03127207610018	0
857.1870036584992	138.13598787108373	0			159.17311287306285	0
859.541601359916	133.8606345220258	0.04209949245771744	147.70806026579424	0
860.7521273758753	139.11122040950627	0.26424834547897014	156.27885276642084	0.4315201164196761
861.9626533918346	146.7057671675826	0.35542456907882614	172.05491906376284	0.7251240424184832
863.1731794077938	149.5501666292401	0.23403769414720038	179.60945722910867	0.5555013140058525
864.3837054237531	145.2454479035693	0.01901383571809265	171.05149071130427	0.049085109311983316
865.4731788381165	141.10994243708748	0			163.07017030816755	0
867.6521256668433	134.25772925596723	0			151.25633643251382	0
868.9706369899142	134.09685074034917	0.09968617591499916	147.15901340846787	0.054402903163288774
870.2891483129852	141.80280072335302	0.3234439754302798	161.73617310918826	0.5922648329601282
871.4306296535954	148.19588274009422	0.3380834729102504	175.61569957093477	0.7217293719043456
872.5721109942056	148.88001767860038	0.1727532853807692	178.90852132303976	0.43860346053729976
873.7135923348158	144.33160873003925	0.0021622094605375465	169.45881864643218	0.0015949514513620682
874.855073675426	140.104073792683	0			161.41219130995546	0
877.1380363566464	133.32706833787958	0.0024843237356554507	149.59529755571685	0
878.3591899240548	135.43683973634197	0.16600941066684324	150.40542116521604	0.19277690031970834
879.5803434914634	143.07456002577896	0.34132635482212104	165.20637559079898	0.6485694387819394
880.8014970588719	148.81149378594145	0.3100511124818994	178.01708608057385	0.6850098989317874
882.0226506262804	147.00442542116883	0.09503030396424288	176.36832957302744	0.27755943482790385
883.1216888369481	142.68649718293852	0			167.5000083749836	0
884.2207270476158	138.7591270945877	0			160.00973817911864	0
886.4188034689512	132.88053656375075	0.010900224251747795	148.86456137646164	0
887.5961292217463	135.99770487205538	0.19820896166842317	152.08576602877164	0.2687441973525495
888.7734549745416	143.55487799488736	0.34821203678592083	166.871976350256	0.6735467883019747
889.9507807273367	148.78255043434737	0.3010402047467085	178.58038813184524	0.671198240168085
891.1281064801319	146.84312858629792	0.08878650242340509	176.43499257264358	0.2631748301142201
892.305432232927	142.26519404653203	0			167.03110465330548	0
893.4827579857223	138.13166902049696	0			159.17247057735594	0
895.8374094913127	133.85458849281977	0.042075978302146176	147.70668053750273	0
897.0478757846378	139.10375675516966	0.264209148384368	156.27385294423615	0.4314198240742044
898.2583420779629	146.6984761553172	0.3554289414581462	172.04943359646563	0.7251060518087885
899.468808371288	149.54520413844824	0.23410247096728762	179.6079249078287	0.5556205400491566
900.6792746646131	145.24207729968916	0.01905602855457584	171.05404030187856	0.0492156445607318
901.7686943286055	141.10660951207566	0			163.07233577395473	0
903.9475336565907	134.25424009570924	0			151.25781310151055	0
905.2662168558056	134.0901154559181	0.0996013410243437	147.15477494452873	0.05426719519936731
906.5849000550204	141.79633333343943	0.32341971234480527	161.73157714659678	0.5921928882004918
907.7262625229166	148.1899042250119	0.33811041624493277	175.6113382771164	0.7217568339092194
908.8676249908128	148.87712262726092	0.1728509741576864	178.90967083324318	0.4387954597500639
910.008987458709	144.32969894798515	0.0021855068341837657	169.46122533601024	0.0016254296108107681
911.1503499266053	140.10224719270494	0			161.4145793267396	0
913.4330748623978	133.32345751583898	0.002455458485590589	149.5973722934989	0
914.654295641502	135.4271364001445	0.1658276870183628	150.39340685177467	0.1923532022750155
915.8755164206063	143.063974949379	0.34127118868630174	165.1912445932633	0.6483809896207904
917.0967371997106	148.80474086317255	0.3101382858574352	178.00924915466575	0.6851402336587636
918.3179579788148	147.00228726835493	0.0951694774514977	176.37090432362038	0.27787486020325264
919.4170566800086	142.68395062205317	0			167.50160529732815	0
920.5161553812026	138.75612425175112	0			160.01041824338935	0
922.7143527835902	132.87543565606003	0.0108760048291296	148.86398808828557	0
923.8917071933179	135.99003998848588	0.19812807865149684	152.07906593644287	0.26855101516121305
925.0690616030456	143.54709604443866	0.3481927845256494	166.86427824512552	0.6734714616067462
926.2464160127732	148.77671649661363	0.3010856243574098	178.57622742263308	0.6712694100739903
927.4237704225009	146.83948199645056	0.0888528850306827	176.43567937522076	0.2633291148333769
928.6011248322285	142.26135701864973	0			167.03123758797594	0
929.7784792419562	138.12759521777122	0			159.17207894036648	0
932.1331880614114	133.84857105092087	0.04204906198495714	147.70548853362934	0
933.3435986512573	139.09622073441435	0.26416596383925434	156.26872638622532	0.4313093355629721
934.554009241103	146.69116679595024	0.35543359963266197	172.04385813788926	0.7250867814588131
935.7644198309489	149.54034480859664	0.2341702895463847	179.6065069727458	0.5557453531565911
936.9748304207948	145.2388800719706	0.019100735403009925	171.05678926419913	0.04935026310945306
938.064199951656	141.10343511225557	0			163.0746555158667	0
940.2429390133784	134.25089166350037	0			151.25939330650894	0
941.5617962550597	134.0835194446901	0.09951640618324971	147.1506234971325	0.05413133332791979
942.8806534967409	141.790021955282	0.32339560692599306	161.72709679005345	0.592121419441893
944.0218990734635	148.1840784843727	0.33813707009372607	175.60708792951218	0.721783976251518
945.1631446501859	148.8743423356736	0.17294750930258626	178.91085886503572	0.43898517589088293
946.3043902269085	144.32788940879442	0.002208510341441283	169.4636468399952	0.0016555228022804088
947.4456358036309	140.1005189691332	0			161.4169775686524	0
949.7281269570758	133.3199733935094	0.002427002740971593	149.59945823680772	0
950.949415034487	135.41765325354447	0.16564869312614067	150.38161505471822	0.19193592110229588
952.1707031118981	143.05362811137496	0.3412168423877577	165.17639306662093	0.6481954770653192
953.3919911893092	148.79815958098393	0.3102237962359777	178.00156761858642	0.6852680154149218
954.6132792667204	147.00022652217024	0.09530583664666542	176.3734268609907	0.2781838832964234
955.7124385363903	142.6814859781426	0			167.50316421028245	0
956.8115978060604	138.75320989814333	0			160.01107520067097	0
959.0099163454003	132.8704790889274	0.010852550936333312	148.8634149009977	0
960.1872988266838	135.9826029339361	0.1980498006590101	152.07256575872162	0.2683640668808421
961.3646813079673	143.53954797319565	0.3481741501231842	166.85681831532514	0.6733985932324541
962.5420637892508	148.77105215317258	0.3011294722637455	178.57218974790783	0.6713381034209325
963.7194462705344	146.83592803262738	0.08891691288521744	176.43632006326962	0.26347792145345905
964.8968287518179	142.2576185240274	0			167.03134329811277	0
966.0742112331014	138.1236273655191	0			159.17167787513662	0
968.4289761956685	133.84273939848845	0.04202330777530034	147.70431444950682	0
969.6393274831129	139.08888230432245	0.2641237006471028	156.2636781877388	0.4312012108399557
970.8496787705573	146.68402459540167	0.35543820782622737	172.0383213990284	0.72506761136528
972.0600300580016	149.53564470052075	0.23423830875467802	179.60512126818506	0.5558705236824828
973.2703813454459	145.2358810927503	0.019146471550602773	171.0596346197552	0.04948634260552316
974.3596975041459	141.10046406769294	0			163.0770854044083	0
976.5383298215456	134.24775580703513	0			151.26110054789115	0
977.8573681901289	134.07708344650612	0.09942995817262294	147.1464891603792	0.05399305713219391
979.1764065587122	141.78390173070642	0.32337145594096545	161.7227006372702	0.5920498240628572
980.3175361558444	148.1784371108089	0.33816366575327106	175.60292022632348	0.7218110348941282
981.4586657529767	148.87172852042727	0.17304373911733162	178.91210575636495	0.43917427643643525
982.5997953501089	144.32623553167858	0.0022314236918727585	169.46611561598692	0.0016854975317947586
983.7409249472411	140.09894159296834	0			161.41941943064668	0
986.0231841415057	133.31664787057576	0.002398701326526893	149.60158808685125	0
987.2445405340093	135.40836861338926	0.1654708922162451	150.36996007276156	0.19152147242963632
988.4658969265129	143.04348976194288	0.3411628760864514	165.1617148913526	0.6480113945096259
989.6872533190163	148.79174740365156	0.3103083012009102	177.99399433993818	0.6853942297817889
990.90860971152		146.99826926295236	0.09544034228018575	176.37592218008461	0.2784886825674467
992.0078304647732	142.6791233837316	0			167.50470121475695	0
993.1070512180264	138.75039873270785	0			160.01171754863674	0
995.305492724533	132.865669834159	0.010829785745498213	148.86284117777902	0
996.4829099396959	135.97544854884163	0.1979752444798273	152.0663629944131	0.2681860182612402
997.6603271548588	143.53234342221754	0.3481567771157612	166.8498225134173	0.6733306935427238
998.8377443700218	148.76560330833456	0.30116922268947466	178.56839816992607	0.6714003658219849
1000.0151615851847	146.8323284069469	0.08897314270702689	176.4366498707245	0.26360860048096346
1001.1925788003476	142.25382665446955	0			167.0311517752615	0
1002.3699960155107	138.1196057659192	0			159.17100155717552	0
1004.7248304458366	133.83733889227904	0.04200559028351251	147.7029180422787	0
1005.9351364780927	139.08240464655864	0.26409392650278657	156.25953262955844	0.43112504152667536
1007.1454425103486	146.67769219585924	0.3554414920179817	172.0338230089853	0.7250538838246589
1008.3557485426046	149.53109715994867	0.23428742690971985	179.60364318654092	0.5559609046874424
1009.5660545748607	145.23258753767104	0.019179751267549363	171.06126164182086	0.04958535913127688
1010.6553300038911	141.0971939377234	0			163.07842099602274	0
1012.833880861952	134.24433780401304	0			151.26189527828004	0
1014.1530408710206	134.07113258566343	0.09936385185734421	147.14285940523203	0.053887322271592285
1015.4722008800892	141.77805749927407	0.32335133375404795	161.7185739452738	0.591990178492634
1016.613230071158	148.1730039711846	0.33818608162473024	175.5990064133677	0.7218338219843786
1017.7542592622267	148.86888321648547	0.17312540759618306	178.91282544776323	0.4393347504213913
1018.8952884532955	144.32422502724486	0.002250948676683002	169.46791421924004	0.0017110392690882377
1020.0363176443642	140.09700522953185	0			161.42121798922415	0
1022.3183760265018	133.31321005427674	0.0023744445801646306	149.60313313210534	0
1023.539792626415	135.3998332593657	0.16531879171402286	150.35971408645202	0.19116697123292806
1024.7612092263282	143.0342449746436	0.3411167657010235	165.14892072967336	0.6478542133572074
1025.9826258262415	148.78569813793325	0.3103801084837357	177.9872869631983	0.6855014283565998
1027.2040424261547	146.9960058380878	0.09555429233141169	176.37776777490515	0.27874688340201964
1028.3033173660765	142.67651473328158	0			167.5057318935643	0
1029.4025923059985	138.74740356970895	0			160.01198347427754	0
1031.6011421858423	132.8609847344442	0.010810947889953237	148.86205716558976	0
1032.7785768418275	135.96872255891904	0.19791137459032745	152.0607336741966	0.26803349824480677
1033.9560114978128	143.52549648515716	0.3481412766388731	166.84334134418668	0.6732701416559286
1035.133446153798	148.7603357143304	0.30120632271365455	178.56477050753975	0.6714584667469643
1036.3108808097834	146.82890396435118	0.0890285980326555	176.4370850229693	0.2637374756756421
1037.4883154657687	142.25026592507646	0			167.03116556725269	0
1038.665750121754	138.11586140953023	0			159.1706021635984	0
1041.0206194337247	133.83178484916246	0.041979939051477434	147.70185819737486	0
1042.2308620369095	139.07531108691273	0.26405113917660356	156.2545348680577	0.4310155869844335
1043.4411046400944	146.6707728841285	0.3554461737410194	172.02828792452428	0.725034219869701
1044.6513472432791	149.5266735375268	0.23435743156507616	179.6023580748314	0.5560897077040725
1045.8615898464639	145.2299248051442	0.01922708777299748	171.06436818389807	0.04972617609619855
1046.95080818933	141.09456535835207	0			163.0811103432749	0
1049.1292448750626	134.24155827614558	0			151.26386156122888	0
1050.448608123317	134.06501318600647	0.09927644757119751	147.13885470628804	0.05374752757396911
1051.7679713715715	141.77241985679038	0.32332887329798154	161.71466520189887	0.5919236088390599
1052.9088906023353	148.1677919842867	0.3382109264042099	175.59525186584256	0.7218590578577185
1054.0498098330993	148.86649794601507	0.1732156900878864	178.9141110315916	0.4395121374388461
1055.190729063863	144.3227355973323	0.002272496063547979	169.470332003533	0.001739226188605226
1056.331648294627	140.09558216417287	0			161.42359888809554	0
1058.613486756155	133.31012989831703	0.0023477531597343114	149.60520555116386	0
1059.8349676267496	135.3911207094528	0.16515097246403582	150.34876652443623	0.19077587768415516
1061.0564484973443	143.02471378921018	0.34106567774037444	165.1350975690713	0.6476801763897512
1062.2779293679391	148.7796743786876	0.3104597468754402	177.98015373493254	0.6856202629255229
1063.4994102385338	146.99423423304574	0.09568306593320494	176.38013633021663	0.2790345786214163
1064.5987430220691	142.67435353954053	0			167.50719514837985	0
1065.6980758056045	138.74481254920354	0			160.01260149579582	0
1067.896741372675	132.85649454010138	0.010789408224291575	148.861526190803	0
1069.0742018457183	135.9619472903906	0.19783946051776444	152.05475933852014	0.26786177829749086
1070.2516623187614	143.51861165134358	0.3481241125959266	166.8364843068458	0.6732031232744834
1071.4291227918047	148.75517397949454	0.30124653818421265	178.56105574442458	0.6715214356663731
1072.606583264848	146.8256754356304	0.0890873630631927	176.43766667879726	0.2638740382292088
1073.7840437378911	142.2468646632527	0			167.03125778358927	0
1074.9615042109344	138.11224685135352	0			159.17023034459356	0
1077.3164251570208	133.82645622594742	0.041956321811686015	147.70077837305465	0
1078.5266184213037	139.06864315399199	0.2640131508321565	156.2499948174755	0.43091841425391303
1079.7368116855869	146.66429935168742	0.3554502188682412	172.02334821615267	0.7250171390211546
1080.9470049498698	149.52235507537648	0.23441713074139506	179.60107868156365	0.5561995395341864
1082.157198214153	145.22712943762207	0.01926842123649331	171.0667895556495	0.04984484161868823
1083.2463721520076	141.0917839910511	0			163.0831526602568	0
1085.424720027717	134.2386132876615	0			151.26525002968833	0
1086.7442363384343	134.0591973159647	0.09920135144041688	147.13517344799592	0.05362742363713144
1088.0637526491516	141.7668412378128	0.3233074616172225	161.71067538731643	0.5918601544213409
1089.2045675785387	148.16263517225204	0.33823455203829716	175.59145876375644	0.7218830355104818
1090.3453825079257	148.8640428109865	0.17330151982376912	178.9151507534319	0.439680762999883
1091.486197437313	144.32114254862398	0.0022929744801627695	169.47247450840797	0.0017660143250265163
1092.6270123667		140.09406033834932	0			161.425724880331	0
1094.908642225474	133.30704382842768	0.0023224058897889713	149.60705863233613	0
1096.1301829650147	135.38267959793097	0.16499131909829523	150.33824288161446	0.19040385650366884
1097.351723704555	143.01548985639977	0.34101692400921	165.12182592185945	0.6475142002668818
1098.5732644440955	148.77379971070098	0.31053571949606074	177.97326448446526	0.6857335736825156
1099.7948051836358	146.99244365000348	0.09580655940867705	176.38235063225534	0.27930988087082564
1100.8941918492224	142.67219955005623	0			167.50855861578071	0
1101.9935785148086	138.74225421338994	0			160.0131662162355	0
1104.1923518459816	132.85210803578173	0.010768475019476611	148.86100077294816	0
1105.3698361934316	135.9553318769827	0.1977693277340733	152.04892458295618	0.26769432140227634
1106.5473205408814	143.51188230800838	0.3481072946069685	166.82976976456348	0.6731374887584447
1107.7248048883314	148.75013320620374	0.3012860617616513	178.55741541088113	0.6715833100806555
1108.9022892357814	146.82254801519932	0.08914543127375284	176.43827173177837	0.2640089771974361
1110.0797735832314	142.24357328804936	0			167.0313889648009	0
1111.2572579306814	138.10875075920077	0			159.1699104195992	0
1113.6122266255811	133.82122636163567	0.04193218693803479	147.6997666766207	0
1114.8223640325416	139.06199697280658	0.2639734755996005	156.24534856752143	0.4308169320529103
1116.0325014395023	146.65782843178062	0.35545448836059673	172.0182341539747	0.7249990186105632
1117.242638846463	149.5181687985866	0.2344809701765896	179.59985385193679	0.5563169783123898
1118.4527762534237	145.22458599020456	0.01931295526373008	171.06956606968748	0.04997269399246891
1119.5418999196881	141.08926248287776	0			163.08553775182367	0
1121.7201472522174	134.23593709815037	0			151.26696022701913	0
1123.0398363498894	134.0534338138927	0.09912055353632077	147.13141052889873	0.05349820586871937
1124.3595254475615	141.76139497612982	0.32328521285999834	161.706726181779	0.5917942263300948
1125.5002340870922	148.15761940697246	0.3382589273250334	175.58770744388326	0.7219077536290559
1126.640942726623	148.8617967810974	0.17338983873007044	178.9163572342819	0.4398542660037089
1127.781651366154	144.31977264050752	0.002314009752386073	169.4747980479881	0.0017935304624840077
1128.9223600056846	140.0927580715165	0			161.42802213304216	0
1131.2037772847461	133.30413919100295	0.0022964473568578545	149.60907122708056	0
1132.4253820152944	135.37432346652614	0.1648283119338666	150.3276185136638	0.19002406281179907
1133.6469867458427	143.0063467595889	0.34096727277757904	165.10843239247708	0.6473452776179639
1134.868591476391	148.76805182617906	0.31061255161487744	177.96635780554064	0.6858481127675492
1136.0901962069393	146.99079620179123	0.0959308420124401	176.38460816115685	0.27958692262576723
1137.1896404644328	142.67017276449602	0			167.50994361622506	0
1138.2890847219262	138.73981072509147	0			160.01373598981124	0
1140.4879732369131	132.84785670345096	0.010748128461171631	148.86046617009626	0
1141.6654893329903	135.94898490275514	0.19770278958951162	152.04337204131238	0.26753545623266234
1142.8430054290673	143.50548986028267	0.3480917732241945	166.82352176719925	0.6730769430320289
1144.0205215251444	148.7452984472283	0.30132128019771603	178.5540226070939	0.6716384354493875
1145.1980376212214	146.81934487760824	0.08919512105891697	176.43852707432012	0.26412444300688837
1146.3755537172983	142.24019512121757	0			167.03118151408498	0
1147.5530698133755	138.1051649713733	0			159.169272733645	0
1149.9081020055294	133.81644571936866	0.04191703704087212	147.69849135532812	0
1151.1181991306896	139.05627909084345	0.26394775321010355	156.241694269665	0.43075114176198065
1152.3282962558496	146.65222952304848	0.3554573038859118	172.0142647493817	0.7249870168097784
1153.5383933810097	149.51412313304598	0.23452376612242173	179.59851570711797	0.5563956997146163
1154.7484905061697	145.22167010886926	0.019343113022520408	171.07096754253024	0.05005927262624341
1155.8375779188138	141.0863647627006	0			163.08668707412966	0
1158.015752744102	134.23290395208917	0			151.26763735835732	0
1159.3355475164224	134.04815945327888	0.0990622058196985	147.1281848611658	0.05340489540407557
1160.6553422887425	141.75619642752778	0.32326727179624676	161.70302967358026	0.5917410681266773
1161.795959711697	148.15277804847116	0.3382789696051988	175.58418673135316	0.7219280622813247
1162.9365771346513	148.85927725381967	0.17346324879225583	178.916998156762	0.4399984705266449
1164.0771945576055	144.31800699720708	0.0023316068730844515	169.47641994108164	0.001816548835523205
1165.21781198056	140.09106142018132	0			161.4296514002202	0
1167.4990468264687	133.30109177655368	0.0022745259420983376	149.61048220867775	0
1168.7207072923393	135.36668669218272	0.16469096300331512	150.31838435122884	0.18970408402724842
1169.9423677582097	142.99806963366498	0.34092550797058707	165.09690608427513	0.64720327075565
1171.1640282240803	148.7626445056038	0.310676811541047	177.96030804234627	0.6859438681201282
1172.3856886899507	146.98881798579134	0.0960344095855421	176.3862191453533	0.2798177728485061
1173.4851831092342	142.66787656614156	0			167.5108244675025	0
1174.5846775285174	138.73716077096057	0			160.01393071659265	0
1176.7836663670844	132.84370430392187	0.010731637141798044	148.85972123001204	0
1177.9611969882246	135.94303469758356	0.19764670186233133	152.0383747417796	0.2674015488990835
1179.138727609365	143.49942422386627	0.34807807634676924	166.81776718681868	0.6730235370681065
1180.3162582305056	148.74062093523213	0.3013539951631349	178.55078285056646	0.671689634406108
1181.493788851646	146.81630006201271	0.08924424725860054	176.43889139990102	0.2642385961427762
1182.6713194727863	142.23703095638814	0			167.03118089228644	0
1183.8488500939268	138.10183880646312	0			159.16891154919472	0
1186.203911336208	133.81148796768747	0.04189385730686406	147.69754983190543	0
1187.4139500076847	139.04991837954148	0.26390888782256083	156.2371746343421	0.43065174005235013
1188.6239886791614	146.64601814328483	0.3554615123121568	172.0092449148476	0.7249689993017198
1189.834027350638	149.51018106957673	0.23458757136062536	179.59736470082356	0.556513058125739
1191.0440660221147	145.2193831178837	0.019387912753148332	171.07385419775514	0.050187884743784585
1192.1331008264438	141.0841051391124	0			163.0891939320395	0
1194.311170435102	134.23050254870338	0			151.26948671163757	0
1195.631152791389	134.04270376516064	0.09898246244287007	147.12457593728703	0.053277373268851166
1196.9511351476758	141.7511917835398	0.32324697598904	161.6995437779068	0.5916809385844074
1198.091654008488	148.1481510127038	0.3383012873729099	175.5808351614896	0.7219506601549858
1199.2321728693003	148.85718533692005	0.17354441401779178	178.91817134177262	0.44015789851968895
1200.3726917301126	144.316715901265	0.002350977089962531	169.4786073984338	0.0018418862003516268
1201.513210590925	140.08982693350416	0			161.43180395931756	0
1203.7942483125498	133.29836803181985	0.0022505632419281166	149.61235720252427	0
1205.0159670447215	135.35891659183184	0.16454024296470143	150.30856649622774	0.18935298985650847
1206.2376857768932	142.98955662752877	0.34087942763594814	165.0844988076705	0.6470466798457836
1207.4594045090646	148.75726796697143	0.3107479204819974	177.95389200828276	0.6860497852363431
1208.6811232412363	146.9872474148156	0.09614978979888113	176.38830787223105	0.2800749370713207
1209.7806701001907	142.66595457260956	0			167.51210686072187	0
1210.8802169591452	138.73485175259384	0			160.01445809536798	0
1213.079310677054	132.8397015334698	0.010712522150587225	148.85922310271312	0
1214.256863409324	135.93699496355651	0.19758269500658848	152.033033144936	0.267248742345362
1215.4344161415938	143.49327874927818	0.3480627067786772	166.8116271795559	0.6729636343753255
1216.6119688738636	148.73601139536487	0.3013899381634342	178.54744614276282	0.671745876489022
1217.7895216061336	146.81342758862343	0.08929702008840193	176.4394160302866	0.26436121946775515
1218.9670743384033	142.23400646176867	0			167.03127425561198	0
1220.1446270706733	138.09862534703726	0			159.1685940661443	0
1222.4997325352128	133.8067062025057	0.04187212006547952	147.69660276879895	0
1223.7097257192406	139.04390275819563	0.26387389100691305	156.23304248158837	0.4305622371901172
1224.9197189032684	146.6401770999858	0.35546519154455114	172.00473978744685	0.7249531700170426
1226.1297120872962	149.50632012002026	0.23464251675235823	179.59622516951873	0.5566141120427768
1227.339705271324	145.2169244318831	0.019425985831549693	171.0761232911171	0.05029718438924685
1228.428699136949	141.08165983072453	0			163.0911158215117	0
1230.6066868681992	134.2279104718327	0			151.2708113649138	0
1231.9268110230244	134.03750733663261	0.098914472795973	147.1212353089948	0.053166957415890635
1233.2469351778498	141.74621538510215	0.32322737718960515	161.69593704234438	0.5916228796881879
1234.3873586889283	148.14355124337825	0.33832283415981934	175.5774017007805	0.7219724608382415
1235.527782200007	148.85504679399244	0.17362283918415064	178.91914873230965	0.4403119338598701
1236.6682057110856	144.31536183008458	0.002369700157872181	169.48059357075826	0.0018663767053438498
1237.8086292221642	140.08853631483763	0			161.4337768318709	0
1240.0894762443215	133.29564998704143	0.0022273952509884337	149.6140858146076	0
1241.3112508469153	135.3513200656922	0.16439438713969864	150.2989901426225	0.18901326144635294
1242.533025449509	142.9812422305603	0.3408347453251358	165.07241647925656	0.6468949289278824
1243.7548000521026	148.75199629414718	0.31081678467853185	177.9476197370282	0.6861523145144647
1244.9765746546964	146.98567500839823	0.09626171986405505	176.39029632418917	0.2803243951822019
1246.0761717970306	142.6640476766284	0			167.5133231392174	0
1247.175768939365	138.73257461283407	0			160.01494905282252	0
1249.3749632240338	132.83578096666307	0.010693849767448974	148.85872715480284	0
1250.5525370616663	135.9310830725178	0.1975200672577587	152.02779967478585	0.26709923583052386
1251.7301108992988	143.48726198438013	0.34804763026124186	166.80560611460268	0.6729048997855392
1252.9076847369313	148.73150195865247	0.3014252223626469	178.5441729949526	0.6718010787872194
1254.0852585745636	146.81063033430544	0.08934895883199477	176.43994449568584	0.2644819012849428
1255.262832412196	142.23106354216952	0			167.03138329192237	0
1256.4404062498286	138.0955000735535	0			159.16830266437842	0
1258.7955539250934	133.8020234111963	0.04185040569728142	147.69569642891764	0
1260.0054961149415	139.0379388507253	0.263838059002699	156.22885378559457	0.43047060291065203
1261.2154383047898	146.63436624270554	0.35546900649460145	172.0001206268971	0.7249366798257553
1262.4253804946381	149.50257451730488	0.23470029779460297	179.59512353721806	0.5567203728341182
1263.6353226844863	145.21466918765466	0.019466363157421965	171.07865225125002	0.05041309758840589
1264.7242706553498	141.07942569224022	0			163.09329370084455	0
1266.902166597077	134.22553934802195	0			151.27238299362702	0
1268.2224479956499	134.03239053254248	0.09884283772328117	147.11783626294738	0.05304967113575727
1269.5427293942228	141.74137999760148	0.3232072028077688	161.69237508428367	0.5915631214972837
1270.6830562524797	148.13909413333582	0.338344887035259	175.57401214716688	0.7219947567238442


